d
30
870
26 6 279
25 18 200
27 10 247
8 7 242
18 3 245
3 24 216
0 3 287
15 26 212
15 14 201
8 6 243
13 11 212
22 13 221
20 19 168
9 23 112
11 4 151
18 17 211
21 26 299
21 8 275
9 11 228
10 12 280
8 2 293
14 23 100
27 8 300
6 14 132
13 3 122
1 23 256
4 19 198
0 20 125
14 10 168
22 29 155
15 2 201
13 12 180
8 1 269
3 6 200
13 21 162
0 12 163
22 21 201
18 23 298
1 8 119
0 10 109
13 10 183
23 18 229
24 26 175
7 25 186
24 23 168
24 12 142
29 28 173
4 20 244
26 1 220
5 26 280
21 1 179
7 21 224
16 28 150
15 7 154
29 8 145
25 17 285
9 2 145
25 5 104
29 10 133
12 3 123
27 23 145
13 1 125
19 22 259
26 4 233
25 16 295
21 5 284
6 13 234
15 16 281
7 15 284
5 4 211
4 15 278
3 18 228
28 29 133
12 21 135
3 16 138
14 0 146
12 28 145
20 26 163
20 23 144
3 15 260
23 3 133
18 22 217
25 22 150
13 27 187
2 15 266
0 23 260
26 3 184
26 22 120
24 2 166
18 5 201
18 26 235
23 27 248
29 15 218
25 26 127
22 2 210
25 7 162
14 27 100
21 15 288
17 11 122
6 26 151
26 9 142
29 9 101
18 20 158
25 23 168
14 8 271
2 20 213
14 29 286
0 16 161
18 16 113
17 14 133
8 13 237
4 0 158
21 11 181
21 22 198
11 5 295
25 15 225
7 2 223
14 19 139
21 9 262
7 29 105
0 14 225
3 23 289
6 17 198
25 2 155
22 3 290
10 29 196
15 18 209
17 18 226
24 4 130
8 16 267
11 3 198
20 21 225
0 29 239
27 22 117
14 24 175
10 13 228
19 5 251
5 2 274
26 24 248
23 0 171
0 5 277
1 26 275
23 5 202
6 25 217
9 17 227
17 20 243
10 3 190
14 21 279
1 11 181
10 23 298
27 1 198
17 16 189
3 20 281
13 7 126
27 15 188
5 0 152
26 8 236
6 29 108
10 18 249
20 6 102
26 5 123
15 13 241
4 18 187
22 17 269
7 0 152
14 17 113
17 0 173
1 22 299
29 17 246
1 0 238
14 25 174
11 15 176
28 7 100
29 21 104
18 10 170
26 20 168
1 17 276
24 18 156
13 0 223
11 9 145
1 28 291
5 21 183
19 23 287
8 5 155
3 12 292
8 17 259
3 11 167
22 4 208
27 18 165
1 7 105
23 28 187
24 0 242
22 11 252
17 8 249
26 17 178
21 0 170
14 12 234
29 3 116
12 0 252
25 1 118
0 28 296
18 21 228
24 1 249
4 3 225
5 23 178
21 27 132
24 28 283
28 11 285
7 22 268
13 16 295
15 8 300
16 9 265
17 10 102
21 10 116
13 14 300
9 24 135
14 6 215
17 1 204
20 16 211
29 23 247
4 6 279
17 4 192
25 3 103
23 19 137
11 12 221
28 15 106
4 13 102
2 24 241
14 4 179
20 22 181
28 4 263
6 7 256
21 23 283
11 27 144
11 2 128
29 1 242
11 20 267
16 0 153
14 1 195
12 2 125
20 3 162
1 13 286
18 24 180
4 9 193
17 13 244
12 13 193
16 14 246
20 7 284
0 2 285
18 11 141
22 15 248
16 6 180
3 5 193
4 29 160
17 3 107
24 13 223
20 25 114
1 18 270
16 2 135
16 11 105
15 29 228
5 12 151
19 18 248
5 28 284
8 18 257
16 20 177
6 23 211
26 13 213
29 5 275
1 19 282
7 8 177
19 20 198
16 8 155
9 28 107
20 11 268
17 28 230
1 12 184
15 27 158
12 22 299
29 25 228
26 27 200
29 2 166
7 14 233
18 2 243
9 16 216
21 24 292
2 11 186
27 3 196
2 1 112
6 11 217
20 0 120
17 9 299
22 1 296
4 17 268
10 15 228
18 6 159
0 17 108
2 3 291
15 5 270
19 25 268
4 5 272
6 16 134
21 2 253
4 23 190
15 28 138
19 14 124
6 22 208
15 20 165
25 19 154
26 15 108
28 13 263
15 23 212
8 28 153
27 16 253
6 19 179
22 19 103
19 0 278
12 18 163
5 11 101
7 18 205
15 9 238
29 0 250
2 4 178
28 25 205
16 24 291
2 21 146
22 26 259
11 8 294
5 7 279
23 12 265
28 1 135
23 2 188
10 6 216
24 17 129
18 19 172
5 14 126
18 0 165
29 24 169
3 21 194
12 23 202
12 16 110
21 16 277
3 26 120
19 2 279
4 1 145
22 8 167
12 20 158
29 18 222
5 1 183
1 6 297
2 6 294
15 19 209
27 12 290
27 29 124
24 14 199
3 0 168
7 20 242
21 6 129
24 25 163
6 4 234
23 9 247
0 8 139
9 18 160
4 24 142
15 17 190
13 6 130
20 4 200
7 3 187
20 17 188
12 19 136
10 0 189
6 24 222
26 14 196
4 26 251
25 29 258
7 5 209
21 17 111
25 13 237
25 9 268
17 22 243
9 0 176
24 9 223
26 16 152
9 12 289
14 20 276
1 27 274
13 26 193
28 8 213
25 20 247
25 10 231
12 6 260
7 13 172
12 1 109
14 16 137
10 16 113
24 5 214
1 9 178
26 23 180
2 29 128
17 5 239
23 8 226
25 4 145
9 22 218
6 2 284
9 21 230
6 18 170
0 25 207
12 14 255
11 28 137
29 12 184
19 11 109
27 24 168
21 20 222
11 24 220
20 14 203
10 21 232
23 15 110
7 12 112
4 16 122
6 12 244
23 25 191
13 23 132
23 29 249
2 18 234
11 26 252
13 24 239
13 20 300
28 14 172
0 18 109
27 11 253
15 0 152
25 28 289
9 13 145
6 27 226
19 1 205
7 26 251
27 0 260
8 10 176
5 8 115
18 4 172
19 29 108
8 20 219
13 5 145
28 19 300
24 29 201
11 0 204
23 22 242
3 25 236
10 9 100
26 28 296
28 3 249
17 15 100
20 8 233
28 6 255
3 17 282
0 11 178
2 22 133
24 3 103
28 24 179
18 28 179
19 28 261
2 27 154
22 10 264
16 12 294
1 14 178
10 19 276
4 2 102
0 24 204
20 29 207
6 5 188
17 21 211
12 8 194
9 8 239
17 6 143
23 7 167
18 12 266
26 19 190
6 20 129
16 23 134
8 4 162
28 18 223
25 8 131
25 11 185
16 17 108
24 8 109
12 5 278
9 19 206
18 14 295
27 5 134
24 6 160
20 9 214
12 10 165
11 16 262
22 28 179
4 22 299
14 13 194
15 21 194
26 7 254
17 24 287
19 10 166
23 24 180
23 26 270
27 13 215
5 27 170
10 7 224
0 7 229
23 11 292
6 15 113
26 0 156
23 21 267
0 1 287
3 19 260
9 14 257
11 13 206
27 20 127
13 28 132
27 2 225
12 17 189
12 7 247
18 27 173
2 17 132
22 9 252
15 3 204
24 21 187
23 1 300
24 20 274
12 11 292
25 12 298
13 18 267
4 14 226
19 9 190
10 22 275
3 22 183
26 2 196
5 16 172
23 4 195
4 28 175
22 12 194
8 29 298
5 24 144
6 10 154
16 27 206
29 11 108
6 1 221
10 5 197
22 16 158
28 2 263
17 26 251
0 22 237
4 7 296
29 27 155
28 20 298
22 18 218
14 5 254
21 3 182
7 6 172
10 14 272
28 5 109
20 13 233
9 6 127
24 11 236
5 18 243
29 19 136
19 6 200
5 10 230
21 12 140
15 22 118
6 9 229
2 13 281
8 9 201
16 29 194
11 1 115
13 9 140
18 15 259
12 24 163
2 16 195
2 0 100
18 25 210
11 10 251
21 25 135
16 3 290
24 16 210
10 1 188
14 9 120
12 26 230
25 21 176
29 16 249
25 0 276
3 10 245
26 10 161
14 7 231
2 10 258
5 6 258
15 1 190
24 7 140
29 22 225
0 21 180
2 14 223
2 8 268
20 2 219
19 13 226
27 14 225
24 10 230
14 28 169
27 6 276
26 29 145
3 13 211
5 29 285
22 7 156
5 17 292
3 28 141
14 22 151
19 12 120
20 27 294
28 27 268
16 19 116
5 3 191
2 7 174
27 25 167
12 29 290
14 11 110
10 2 236
27 17 161
27 26 108
27 21 294
1 15 203
29 7 196
18 13 291
11 25 189
6 3 156
4 10 109
10 24 154
7 27 100
2 12 219
21 4 243
21 18 151
2 23 112
3 8 228
22 24 169
19 7 254
27 7 119
22 5 246
23 10 237
13 15 137
21 28 219
26 12 126
24 15 225
16 21 144
19 17 185
12 9 185
3 4 292
19 4 279
2 28 171
16 25 193
1 21 162
25 14 156
28 16 258
29 26 191
8 26 255
22 0 235
23 16 282
12 27 235
1 5 283
14 2 153
4 11 218
1 16 150
7 1 189
17 2 183
9 29 286
18 29 130
8 12 157
25 6 128
9 4 297
19 21 268
7 10 197
16 18 168
8 14 297
10 27 186
3 14 220
16 4 174
8 27 193
15 11 157
8 11 282
1 20 180
27 9 210
20 18 144
17 7 266
8 24 299
23 17 121
9 26 167
15 24 288
10 26 178
0 9 133
22 27 232
5 25 136
1 3 272
8 23 152
2 5 236
24 27 264
6 0 246
8 0 125
29 20 236
28 10 269
7 24 216
6 21 231
19 26 111
11 6 268
15 4 297
0 6 183
13 19 194
9 7 218
1 25 254
26 21 221
21 13 230
28 9 137
7 28 151
9 5 285
28 22 238
20 5 220
6 8 234
20 15 299
21 19 180
15 25 112
4 21 278
13 29 283
14 26 255
27 19 120
8 19 285
5 22 295
0 27 244
10 11 154
3 1 195
10 8 101
3 7 168
16 26 248
14 18 166
20 12 171
11 22 184
19 24 162
21 29 246
7 9 153
14 15 283
28 23 245
14 3 276
22 6 281
0 4 135
17 23 195
8 3 262
4 8 244
12 25 168
11 29 115
11 19 197
10 17 275
19 15 237
1 4 105
23 20 106
9 20 132
7 23 164
17 25 138
4 12 177
8 22 275
10 25 269
2 26 109
5 9 220
17 27 110
16 5 109
15 10 203
23 6 190
16 13 209
5 20 229
11 21 230
5 13 262
7 17 141
6 28 123
3 9 286
16 15 119
28 12 272
11 18 170
23 14 206
0 13 179
2 25 191
11 7 129
28 26 264
16 1 240
3 2 208
19 3 133
15 6 217
10 28 260
9 1 292
11 17 185
0 19 282
19 16 257
28 21 259
24 22 147
13 2 196
22 25 122
11 14 140
20 24 139
18 9 175
20 1 224
16 7 107
9 3 272
28 17 248
17 12 266
27 28 185
7 11 247
8 15 235
16 10 253
4 25 210
9 25 186
29 6 288
1 29 239
0 15 106
22 14 271
19 27 290
27 4 292
18 1 223
13 25 279
8 25 227
20 10 300
13 22 126
17 29 291
2 19 270
26 11 251
11 23 148
25 27 158
23 13 223
10 20 287
28 0 127
0 26 171
8 21 118
29 13 132
21 7 257
1 10 151
18 7 237
22 23 140
5 15 273
3 27 269
1 2 252
15 12 251
4 27 180
10 4 121
21 14 238
3 29 126
1 24 146
9 15 225
25 24 135
22 20 223
13 8 123
7 19 292
13 17 206
13 4 256
16 22 150
19 8 256
29 4 243
7 16 293
24 19 156
12 15 278
5 19 187
2 9 107
7 4 295
20 28 277
26 18 144
9 10 125
26 25 140
17 19 109
9 27 223
18 8 152
29 14 170
12 4 265
0
