d
500
3000
463 291 209
248 400 147
311 410 143
271 94 266
264 399 254
309 204 142
262 152 257
2 201 112
128 9 181
32 386 127
375 173 170
221 150 110
348 436 286
157 10 151
487 474 141
433 85 110
92 18 186
391 398 246
70 111 202
150 441 148
199 463 160
221 345 228
45 235 160
114 423 203
221 350 157
270 397 272
274 248 177
89 485 160
282 194 118
470 443 170
127 94 146
445 199 289
248 266 232
443 128 293
142 468 278
363 82 110
351 456 219
113 335 146
214 496 167
13 90 253
299 42 269
417 68 265
178 292 145
310 199 152
372 52 214
44 35 144
208 322 110
383 80 114
293 7 222
160 471 210
476 477 108
219 316 155
39 423 223
232 187 131
254 448 255
334 337 136
412 451 286
310 470 179
376 319 223
419 477 263
213 472 196
469 84 289
199 328 132
438 460 209
55 387 297
359 344 139
183 201 240
352 159 292
141 182 240
378 121 127
163 236 172
407 344 235
327 382 124
377 340 283
133 247 186
180 70 267
167 79 251
74 81 157
333 232 219
216 301 244
191 217 120
487 175 262
267 205 286
29 184 281
432 401 170
290 104 138
100 406 292
234 226 280
188 398 260
222 45 168
346 131 100
169 190 190
157 402 191
18 448 170
295 293 150
370 180 134
325 483 255
202 187 219
468 179 239
55 339 252
414 409 228
219 116 155
410 194 156
452 168 119
424 98 287
127 45 109
18 245 246
348 329 191
118 255 107
263 397 137
389 406 230
434 120 187
73 22 236
276 445 175
492 420 121
285 291 134
466 283 143
408 126 228
208 264 225
198 263 270
72 97 198
127 450 195
242 31 111
262 240 186
410 140 144
301 359 231
318 414 147
81 311 159
63 125 294
413 1 297
200 135 174
400 184 168
55 332 148
309 94 296
329 121 232
411 1 103
153 419 261
131 26 269
35 79 116
342 73 179
214 349 254
67 119 249
135 371 206
19 492 112
50 192 152
442 190 110
460 82 294
270 234 237
385 329 245
238 326 159
353 278 244
341 224 149
122 326 235
142 62 234
35 272 224
21 10 209
335 302 129
403 46 245
24 404 150
499 270 233
436 400 172
381 24 119
74 165 227
30 80 228
18 199 149
220 69 216
347 332 259
205 435 193
344 134 241
209 408 119
73 429 199
494 66 272
331 432 110
277 28 236
143 477 279
312 455 222
269 116 291
470 218 273
336 219 128
85 272 244
311 118 114
355 463 146
108 186 176
340 27 246
449 255 236
119 58 161
385 483 146
498 126 233
17 467 206
374 15 191
370 222 143
344 148 218
85 300 168
407 360 204
90 288 234
30 352 219
369 408 247
245 433 225
435 239 249
361 11 205
282 98 263
470 455 269
381 353 271
313 12 210
461 23 107
272 419 261
9 19 242
359 247 136
23 146 158
197 385 255
140 83 124
247 240 249
481 31 184
23 222 200
206 203 206
27 393 209
62 103 266
206 146 155
299 480 204
341 466 128
153 397 235
161 431 281
246 493 260
81 109 220
35 64 104
143 379 199
342 407 260
60 184 154
462 213 167
10 455 156
315 169 259
10 133 287
101 42 261
315 121 251
0 91 194
404 6 189
328 414 204
16 246 136
16 177 179
152 489 121
253 432 132
227 62 101
52 436 132
247 271 275
158 337 213
415 487 293
124 107 122
129 415 205
114 398 258
327 457 139
294 490 118
128 161 108
92 51 197
368 169 292
74 449 145
306 315 172
472 303 210
11 168 285
207 24 264
105 403 283
168 454 155
140 80 201
465 402 132
15 6 250
340 466 155
41 372 249
200 15 220
260 140 212
498 197 270
203 426 259
459 228 292
169 459 237
113 361 298
40 361 181
232 249 183
219 240 275
295 185 229
195 51 199
298 232 228
395 142 253
471 350 125
483 185 274
69 59 172
311 26 207
419 319 198
411 305 197
170 86 241
69 369 183
371 183 211
371 228 126
289 188 120
32 99 279
181 441 242
354 85 290
50 160 226
368 179 280
218 400 295
236 146 116
285 334 217
339 479 232
5 468 139
88 39 149
140 54 210
491 206 287
263 172 283
294 334 101
234 309 192
347 454 215
431 164 133
267 125 158
50 129 270
68 434 260
43 61 242
392 182 102
142 0 126
464 142 183
415 446 214
339 383 147
282 327 222
332 143 143
404 344 277
205 74 246
474 43 130
336 134 218
459 279 101
42 155 259
352 142 203
488 298 246
298 356 260
58 322 159
117 217 212
86 460 273
226 157 264
278 482 174
403 236 193
159 343 176
34 475 196
327 132 159
275 303 238
6 292 165
366 208 199
123 476 291
148 420 217
341 41 177
236 277 183
52 31 147
370 102 234
106 222 299
359 444 163
137 274 192
97 427 199
159 155 122
221 355 134
64 298 234
460 190 225
217 69 271
120 499 113
100 332 140
379 8 288
423 454 141
62 473 122
231 254 115
466 476 188
61 415 250
122 436 269
311 417 220
399 433 264
337 398 169
112 434 227
248 363 296
195 87 262
372 6 292
386 227 180
445 215 132
345 281 244
299 451 193
368 408 200
333 168 175
14 256 236
155 285 258
430 248 227
391 178 125
493 143 149
7 260 181
496 217 197
89 84 195
443 308 290
318 449 107
371 31 108
236 485 254
57 175 246
484 288 250
146 111 170
95 71 201
149 284 267
403 40 194
118 172 101
355 375 102
200 397 205
345 117 101
314 263 211
379 276 267
256 437 158
50 151 260
206 285 212
157 364 281
154 14 133
166 202 281
36 481 221
479 63 263
97 35 210
271 110 274
50 256 105
180 160 299
328 103 191
77 146 115
313 60 261
434 332 158
451 471 228
333 456 207
61 36 189
342 161 231
288 190 184
381 346 211
416 236 145
315 145 248
269 77 116
306 433 172
136 47 290
423 355 175
477 486 132
126 153 238
236 442 126
155 1 265
444 186 283
7 497 268
151 370 225
69 135 188
320 302 294
390 120 275
437 111 289
165 297 256
353 67 207
2 438 170
77 289 280
398 57 185
295 9 214
109 475 230
65 241 249
7 289 154
35 254 249
243 177 111
346 261 273
271 349 256
309 237 298
439 344 157
190 174 110
154 170 120
423 361 189
372 209 169
189 373 122
379 493 177
213 355 110
118 29 294
180 495 146
164 445 169
432 21 140
174 463 174
339 391 168
314 27 195
45 206 159
286 320 176
107 18 294
88 310 213
241 284 160
272 247 185
429 376 178
131 54 114
3 41 156
220 113 242
370 378 127
447 248 219
159 107 189
381 313 234
3 388 182
164 55 288
20 494 271
71 399 298
177 235 245
178 294 292
243 288 299
298 349 101
252 351 258
336 365 241
245 389 116
282 375 119
357 73 137
442 301 111
303 123 279
443 326 201
244 376 205
226 80 111
375 306 298
254 420 115
328 329 165
11 165 297
438 408 107
343 42 193
0 494 127
52 105 262
270 385 167
58 183 131
236 331 210
177 421 102
141 472 270
26 266 285
488 254 251
176 216 208
148 43 144
42 138 216
343 132 115
129 44 212
27 138 106
217 213 166
364 60 186
122 45 134
1 278 147
132 175 299
116 91 161
84 91 267
357 102 189
355 264 148
267 235 107
52 67 229
165 356 288
256 367 203
290 345 191
323 318 101
78 467 214
402 253 199
191 368 180
351 309 132
149 137 143
120 196 200
165 246 300
315 437 164
401 197 160
285 427 207
389 89 284
477 356 287
176 131 199
253 295 103
234 171 231
128 99 256
236 258 116
154 276 281
12 433 275
442 325 140
353 483 110
455 281 101
265 326 160
59 43 169
247 440 292
454 333 130
220 117 251
59 15 215
445 1 281
244 455 258
39 130 299
444 113 174
467 184 253
365 470 175
319 126 287
336 171 166
74 445 165
173 383 101
186 54 134
296 247 220
127 398 117
313 451 140
128 281 234
154 319 233
360 491 291
433 125 115
129 177 203
94 90 245
79 24 135
45 438 115
348 124 257
343 191 213
210 372 263
80 132 284
99 56 271
352 115 254
255 338 288
460 424 259
8 142 241
87 289 181
214 262 152
257 41 161
41 301 273
461 370 107
24 231 182
69 288 287
252 22 161
57 388 225
492 341 200
442 152 160
383 196 122
466 250 118
196 138 201
329 300 213
294 397 124
60 42 148
212 217 178
213 59 105
86 187 282
364 440 289
272 452 253
122 344 156
430 278 155
256 46 187
425 152 224
495 244 215
187 310 232
92 481 249
461 26 140
307 200 147
211 303 228
293 163 169
304 216 257
178 264 110
40 251 276
111 398 104
18 320 293
216 461 265
101 388 114
124 476 236
290 333 139
183 210 118
18 83 162
496 357 298
312 38 298
468 421 155
39 101 104
455 82 124
311 168 268
454 39 230
174 183 200
446 162 267
414 480 124
338 44 152
261 419 108
200 205 128
33 498 245
463 365 146
102 317 235
250 270 233
186 60 168
236 394 202
394 335 211
188 70 207
292 287 254
360 125 290
76 445 132
68 368 162
287 378 282
95 486 174
64 42 145
447 95 152
259 130 152
234 252 293
55 428 155
13 312 141
458 483 298
214 33 172
216 395 147
242 254 169
295 182 228
15 453 282
340 385 193
284 377 257
45 471 129
277 288 220
48 73 297
433 115 228
208 256 107
331 186 280
144 355 281
291 334 135
320 329 257
26 454 253
340 488 152
356 420 218
487 429 203
341 210 273
407 100 139
238 484 111
412 287 107
302 165 219
136 199 131
311 50 280
400 252 171
301 230 234
359 464 159
343 17 226
367 102 268
204 467 291
378 336 285
165 175 135
238 103 216
458 374 177
328 473 227
4 413 132
188 276 228
340 348 223
79 413 273
118 464 141
376 438 237
388 361 300
486 373 165
493 395 121
251 247 194
135 225 281
325 36 130
52 264 223
133 355 140
290 312 173
248 159 247
352 177 282
380 175 265
215 27 175
294 363 225
124 161 283
354 214 254
481 183 133
284 233 254
216 273 297
194 362 175
277 448 231
408 451 290
103 189 184
392 121 128
398 374 244
196 37 285
109 314 291
383 192 150
301 464 261
47 340 105
408 84 233
91 235 247
179 58 181
322 54 235
241 275 256
231 446 230
358 98 133
469 161 190
395 437 262
494 98 188
413 121 152
185 179 155
451 152 157
207 78 111
208 304 188
124 196 130
3 452 230
445 157 226
459 62 208
83 28 293
241 149 219
492 66 146
60 229 148
26 323 193
359 317 111
464 441 192
340 95 209
368 438 102
486 131 179
2 286 271
387 99 159
170 204 162
411 124 195
463 461 139
253 162 175
476 443 242
438 119 155
198 322 219
293 351 279
479 177 289
257 240 225
0 448 133
425 302 212
359 390 201
297 455 200
338 45 255
348 390 213
242 357 150
301 368 170
329 491 163
489 158 154
209 3 107
242 339 186
366 326 299
146 322 236
208 148 252
489 11 199
143 154 229
246 376 172
457 140 217
220 480 194
97 390 181
466 297 288
204 184 240
61 318 183
448 341 284
333 117 286
73 493 256
492 391 130
465 17 206
118 498 276
394 312 131
232 362 212
197 5 191
131 189 290
37 319 232
298 495 153
440 102 112
60 108 159
15 52 185
73 180 268
398 197 245
221 119 142
148 56 253
387 247 149
458 77 105
488 10 288
315 65 138
249 265 281
346 50 297
80 463 214
286 51 103
301 24 105
478 393 174
350 82 188
187 115 283
379 331 194
0 206 184
79 221 146
70 362 102
6 305 279
349 88 217
499 356 255
81 136 160
365 180 234
436 216 143
208 40 201
109 255 181
479 421 166
182 482 180
429 342 292
165 298 192
193 223 195
124 491 181
235 349 256
162 125 126
299 87 253
402 356 218
22 366 196
338 497 263
460 32 196
126 394 269
341 394 195
359 155 272
90 202 135
242 435 200
476 45 298
195 63 210
352 209 273
248 251 140
192 363 119
403 306 203
316 99 253
259 238 299
224 296 226
277 492 115
462 74 108
88 245 176
139 394 206
263 198 106
429 115 193
185 234 281
424 378 293
62 401 189
399 35 126
453 495 279
359 34 262
192 384 283
344 416 255
461 299 194
162 271 275
255 459 183
424 13 137
36 288 276
366 432 170
494 269 150
149 178 240
69 80 245
380 491 219
126 443 102
156 179 134
289 115 166
317 255 276
483 34 198
52 210 292
109 256 146
195 236 293
1 356 183
36 270 277
335 396 279
38 65 143
144 353 272
246 163 212
487 169 105
169 115 255
171 319 234
150 147 137
104 419 175
164 453 138
124 176 277
162 246 229
167 219 102
420 199 134
61 449 185
383 58 130
89 491 151
107 413 156
36 256 275
192 304 211
79 451 255
486 366 267
198 92 119
98 100 168
349 92 111
391 35 251
427 268 137
19 451 205
220 11 287
118 421 196
326 337 280
61 350 221
303 109 144
346 175 105
441 197 214
188 232 286
354 7 174
349 168 295
371 197 216
239 387 272
126 257 180
409 269 107
131 326 248
71 9 145
381 3 187
404 339 199
276 195 236
239 21 150
125 238 230
408 411 134
209 220 224
291 319 220
195 317 146
309 189 226
203 439 116
127 51 145
492 496 163
98 78 120
5 158 264
428 259 106
440 477 276
107 91 240
286 266 161
353 79 228
223 83 164
396 206 262
295 70 138
456 155 262
97 16 202
137 209 259
89 349 187
266 21 254
379 191 227
188 450 147
365 384 134
407 144 111
474 323 158
365 322 174
443 234 227
107 156 263
462 147 110
213 431 179
30 233 243
324 120 156
197 391 277
295 238 168
85 79 163
204 405 207
13 108 254
342 478 275
93 494 131
418 416 240
367 177 137
357 419 261
297 423 292
151 262 101
390 146 169
28 420 257
78 462 227
105 343 150
332 385 246
386 395 209
291 296 249
142 130 268
459 358 297
460 407 233
490 75 297
173 491 239
474 25 118
224 10 139
125 336 292
80 291 138
303 486 249
470 45 266
34 452 271
48 411 267
9 292 239
161 193 100
39 103 230
360 247 188
144 249 249
17 294 144
269 34 223
243 109 277
293 370 158
401 109 288
394 219 290
388 215 158
461 129 202
103 150 179
405 220 290
55 76 136
180 226 241
487 107 132
209 380 258
396 72 111
424 406 293
301 184 299
76 77 152
147 401 227
5 153 260
83 339 131
44 375 297
55 37 101
487 25 226
409 352 279
219 12 101
326 408 239
443 123 118
150 91 208
412 256 100
407 139 278
148 110 190
72 19 246
430 103 298
46 466 129
193 85 172
52 29 191
46 295 280
419 214 185
401 325 223
121 92 286
17 135 231
312 203 150
446 421 201
328 82 192
82 363 227
20 433 235
447 284 104
71 285 105
284 361 155
156 309 209
267 260 248
493 48 193
89 134 235
230 404 199
46 328 145
74 339 172
97 317 257
226 388 127
268 325 298
113 79 146
392 391 121
332 83 268
118 163 225
371 499 109
246 394 221
306 430 119
226 229 282
312 131 233
97 420 223
314 79 146
427 471 239
206 283 278
259 56 113
59 477 104
417 101 170
410 209 208
217 296 201
393 110 110
380 174 249
455 298 117
57 86 274
72 460 231
472 229 113
247 249 135
400 484 250
478 304 209
43 89 190
192 426 212
29 53 131
239 330 167
284 273 207
62 428 146
453 389 279
123 425 207
140 406 177
3 407 256
187 384 168
354 244 217
397 362 141
399 324 144
63 97 248
425 290 274
312 270 218
12 151 146
74 110 122
444 58 191
200 237 104
194 421 115
123 215 256
142 311 266
181 43 197
411 409 294
250 176 267
341 370 204
127 300 220
450 122 267
144 90 173
196 141 213
124 336 231
405 129 230
90 245 137
261 260 244
142 198 198
57 214 187
442 99 169
245 386 184
117 260 231
485 206 135
491 10 222
13 402 261
350 375 290
32 187 235
27 19 159
443 265 277
218 383 192
337 167 264
345 211 253
342 262 242
374 260 253
230 326 290
232 363 100
44 236 190
48 298 140
407 448 117
164 320 235
268 307 264
494 10 248
236 242 216
39 277 107
110 348 166
304 404 292
291 313 158
464 74 134
382 452 266
148 180 148
419 4 126
124 188 269
244 478 103
153 12 132
98 319 230
405 79 132
137 224 167
450 354 158
449 374 189
242 294 215
267 128 141
479 144 123
188 441 211
413 411 178
346 23 148
381 36 172
404 305 212
94 289 106
449 73 139
7 413 248
185 180 196
336 432 211
69 451 191
263 100 292
218 186 139
109 207 113
115 155 158
352 362 193
181 59 240
177 171 179
184 2 139
174 462 247
61 288 270
326 473 111
108 71 245
484 308 297
74 28 144
325 163 185
432 441 259
407 216 259
194 341 205
482 173 182
166 390 109
487 468 100
48 122 292
342 269 198
342 291 268
78 263 111
317 227 106
27 40 124
117 171 142
330 365 100
465 395 204
203 357 264
467 264 130
233 435 125
125 325 220
163 282 258
154 309 213
410 174 113
342 12 174
420 489 197
60 140 281
211 217 232
311 150 185
244 48 191
128 184 275
183 163 257
264 79 258
105 436 101
34 367 213
473 103 280
84 470 149
389 60 223
459 38 188
56 415 299
147 80 285
398 400 168
373 172 176
245 187 222
417 134 179
223 87 189
493 315 121
85 191 112
423 10 196
460 469 179
345 326 212
229 385 109
428 382 245
13 103 293
231 285 258
3 488 175
463 113 153
495 138 133
238 270 221
354 297 104
254 470 208
211 182 146
267 92 258
479 69 233
448 145 289
293 455 191
177 238 242
412 171 105
229 461 234
417 149 254
313 29 140
15 328 162
237 490 195
77 344 284
351 318 142
222 498 131
43 118 184
190 151 156
452 183 193
257 124 269
281 370 245
433 319 129
331 447 196
343 423 158
428 91 229
117 187 280
365 185 139
82 188 144
78 396 240
291 76 125
165 255 290
235 452 147
277 16 266
27 254 243
304 148 113
103 263 202
10 490 203
434 356 119
430 135 184
31 26 202
466 327 153
263 385 225
394 322 235
385 250 162
460 326 143
111 439 225
426 129 284
132 8 197
203 389 212
160 384 121
7 336 123
241 212 216
187 353 202
430 101 102
133 489 179
290 11 269
214 374 252
9 34 261
154 10 266
360 349 154
244 354 286
57 280 142
299 131 115
409 424 299
225 303 184
342 214 286
374 343 272
3 109 253
304 164 120
226 283 163
280 342 205
396 164 182
291 126 156
436 362 158
330 435 137
311 400 185
332 223 204
8 217 270
153 439 270
37 317 131
112 271 147
421 498 209
165 114 266
118 413 171
195 402 161
29 394 256
121 390 265
353 385 219
205 46 125
252 319 173
322 258 189
429 304 169
258 132 256
498 96 199
357 237 100
157 280 147
49 30 138
81 403 227
236 411 112
199 289 200
114 182 137
166 31 150
414 289 138
116 325 224
51 484 238
71 446 219
346 279 233
345 363 186
462 383 245
251 78 155
474 44 159
148 145 259
425 5 141
341 439 209
420 460 132
96 60 107
114 178 262
186 203 274
453 33 263
354 373 155
165 94 288
220 467 187
447 196 260
400 101 277
86 359 220
340 355 226
224 231 195
430 61 260
261 234 184
336 136 271
189 486 201
170 269 146
189 378 229
11 460 229
277 156 273
250 78 233
236 454 103
193 240 131
476 113 102
482 148 247
348 127 229
213 33 293
311 214 253
218 310 215
4 378 178
260 32 234
443 22 268
374 50 185
329 22 282
312 240 137
151 465 208
105 474 226
296 243 155
44 360 282
312 326 242
195 161 154
293 216 105
497 81 121
398 433 172
428 85 131
432 480 111
12 454 132
207 156 207
285 257 189
322 468 271
32 316 258
287 144 220
5 291 268
192 14 108
400 445 134
219 403 139
203 408 133
260 97 181
78 478 220
415 200 178
278 268 210
499 291 250
296 440 107
295 43 253
115 495 156
254 462 117
244 406 210
82 392 130
344 476 125
218 312 246
196 397 158
337 302 222
75 215 245
43 484 226
256 424 209
138 454 247
412 484 299
214 357 271
305 485 241
212 322 165
255 439 200
137 3 268
84 141 270
58 165 293
302 179 154
233 153 166
50 218 186
203 346 240
111 215 218
401 173 256
82 124 197
306 20 149
15 22 262
429 358 107
368 261 279
30 481 208
22 163 222
369 75 165
79 406 286
244 303 262
493 39 100
374 207 251
367 276 253
205 241 211
376 393 131
24 262 240
282 231 132
159 359 218
364 49 294
58 215 281
63 307 284
401 180 257
417 10 106
191 493 117
21 165 211
228 28 293
278 436 255
316 120 186
486 487 270
74 295 157
454 250 121
469 306 182
360 457 163
228 391 296
17 103 227
92 17 236
169 427 279
432 91 290
431 36 164
494 106 144
72 424 172
349 83 143
484 118 300
82 316 109
460 386 236
122 468 213
43 313 164
19 352 180
253 252 134
449 120 124
348 143 274
127 279 232
355 438 234
211 238 259
355 477 286
404 128 151
182 50 121
147 240 269
313 68 138
46 358 285
316 273 186
241 392 154
278 434 236
479 282 135
499 248 276
195 140 130
88 365 102
101 25 197
131 292 190
101 399 241
331 256 134
3 187 192
251 122 138
153 453 246
378 230 155
373 77 254
42 93 249
202 152 299
449 87 207
245 392 278
335 85 202
113 427 157
262 292 124
144 199 150
111 148 219
320 494 209
42 65 182
422 397 240
366 358 115
407 115 295
281 393 183
173 248 158
481 171 131
106 387 268
485 212 195
299 207 259
10 285 190
443 469 161
365 238 295
333 424 279
291 261 291
80 474 264
443 462 106
249 426 178
155 444 146
402 144 282
160 159 159
208 411 141
397 104 254
278 310 236
392 293 291
422 272 279
193 8 217
289 100 282
226 274 221
18 142 271
473 26 134
157 337 137
222 232 229
54 96 127
96 408 241
292 244 181
28 328 189
412 99 108
144 443 203
31 147 244
143 444 147
34 497 163
252 243 118
60 349 218
32 435 208
421 283 152
58 14 233
310 183 225
412 271 153
56 70 154
96 17 198
142 143 266
63 237 133
397 492 257
385 433 287
440 281 182
104 98 252
78 168 297
406 478 215
22 79 129
246 72 221
362 74 162
361 328 222
43 62 120
381 482 212
266 445 174
455 436 113
395 356 133
286 371 198
96 426 182
327 308 102
114 375 170
348 78 212
469 493 168
66 95 156
260 231 154
31 168 270
357 184 162
383 456 197
5 401 189
453 439 135
315 267 232
213 183 235
334 419 229
1 38 236
93 253 106
9 234 104
13 111 235
192 322 167
17 129 289
438 175 229
483 141 121
159 15 213
167 39 137
335 248 175
354 478 185
409 336 234
235 84 181
304 418 291
164 124 217
428 44 124
299 139 299
345 341 130
339 175 273
74 25 210
217 182 166
375 388 129
310 264 150
344 256 245
201 156 105
227 318 131
343 89 179
272 178 241
410 394 150
21 178 241
246 59 175
340 329 284
445 410 139
447 21 291
131 426 133
370 107 239
17 204 226
281 388 258
485 210 171
72 282 248
265 214 269
368 8 230
356 70 167
40 367 187
37 145 278
101 422 110
412 250 241
165 98 192
303 177 183
298 7 161
120 135 192
184 434 157
94 209 107
38 222 193
359 31 268
483 239 113
379 174 215
127 178 191
417 264 114
45 301 180
108 379 256
311 324 261
331 249 131
105 253 258
328 378 140
131 246 295
259 185 160
124 318 125
12 346 104
409 472 128
220 370 116
138 475 166
392 189 133
273 162 217
71 473 154
241 421 206
210 475 164
385 156 300
324 255 151
43 9 110
95 236 204
312 440 107
80 195 165
202 160 211
323 50 202
309 93 198
38 235 123
370 471 254
210 116 290
229 317 256
100 188 253
68 315 190
174 150 287
183 31 122
122 271 145
181 98 126
416 247 236
61 485 101
127 396 107
374 95 164
78 173 140
357 474 103
228 254 102
497 366 263
496 266 160
173 430 272
35 474 156
169 234 261
352 130 238
390 200 147
356 145 300
481 103 173
371 267 284
185 460 226
25 391 211
107 134 190
112 370 177
342 459 128
185 56 227
85 96 293
335 308 265
278 470 159
153 165 135
487 248 245
17 382 255
483 411 101
362 267 172
299 340 203
431 261 236
278 325 220
97 348 255
358 412 293
201 174 136
242 76 258
280 443 240
101 8 217
225 484 168
361 149 190
77 43 107
63 399 249
180 174 234
31 358 290
24 313 171
284 297 131
108 310 172
235 409 257
308 217 248
69 283 278
61 219 269
98 63 174
274 105 264
152 445 216
159 466 271
429 368 191
124 11 138
236 3 116
279 290 290
312 379 102
347 293 113
437 115 190
19 168 184
437 131 124
166 318 225
493 8 234
69 188 230
31 73 164
48 474 280
228 341 248
386 43 246
246 159 252
140 467 170
469 86 296
247 119 227
433 142 221
79 358 155
88 353 189
317 113 119
325 42 297
409 215 179
295 375 224
68 204 249
300 344 292
429 490 201
207 440 273
70 135 132
241 138 185
25 207 276
139 376 210
106 166 128
156 210 128
496 331 250
370 54 214
81 300 149
397 337 150
312 431 176
427 218 295
181 487 246
235 2 122
61 208 131
468 372 182
349 28 215
54 155 218
89 191 244
383 147 268
116 157 203
383 292 106
131 279 240
318 377 265
441 410 272
126 109 109
295 163 293
137 251 204
433 320 270
279 200 205
296 341 286
463 287 191
100 109 233
57 248 121
433 57 212
171 352 170
379 363 104
345 406 243
149 35 118
85 274 185
455 342 118
480 345 143
390 448 224
106 379 157
470 62 134
462 299 165
393 197 165
385 249 160
292 232 161
242 249 240
260 381 185
467 391 295
236 333 160
418 488 262
47 279 298
346 274 186
11 373 102
165 215 144
152 357 103
32 176 295
433 137 192
90 87 227
173 465 258
148 9 133
267 411 197
197 299 200
278 186 276
306 26 278
400 216 197
49 266 235
132 45 115
297 174 300
462 406 115
161 270 280
314 110 233
407 381 166
417 250 225
351 282 109
289 385 246
311 144 116
452 311 126
491 362 126
150 360 233
359 32 150
91 418 241
132 474 103
126 174 134
276 260 107
76 20 165
244 235 236
42 43 254
43 218 238
155 150 194
444 231 190
286 430 244
10 207 300
310 322 219
39 85 217
109 179 138
84 125 268
176 254 102
242 90 192
6 338 278
291 84 197
8 398 290
376 170 265
104 146 249
52 433 268
6 437 210
301 469 102
478 161 174
39 263 134
20 344 131
495 465 171
181 82 283
386 490 108
389 439 204
389 220 106
414 68 209
118 262 114
100 402 222
325 143 125
388 365 234
228 456 115
430 499 166
12 282 118
462 254 286
368 391 295
146 272 200
198 324 246
308 12 298
389 196 127
288 108 278
430 106 106
315 284 199
189 384 142
1 314 226
7 487 229
337 372 150
229 273 186
196 349 287
427 193 179
357 276 151
269 32 155
442 447 167
259 21 227
275 458 297
111 154 166
458 185 216
441 434 218
212 276 226
222 288 265
207 190 141
44 56 243
178 51 298
47 343 299
101 308 101
38 83 258
120 71 146
299 361 225
206 173 111
479 203 253
7 419 162
473 295 133
169 242 123
236 268 117
48 15 122
188 358 112
24 489 190
22 429 269
483 12 160
267 210 192
384 347 167
230 400 171
410 292 177
178 310 136
284 5 119
266 120 273
230 338 212
210 287 215
289 208 255
337 184 135
90 352 116
142 260 221
120 87 155
318 446 141
175 430 104
226 395 222
140 87 212
76 33 104
328 435 162
144 230 222
331 28 300
10 281 249
204 114 159
42 300 295
226 311 271
335 294 263
262 241 277
131 251 192
305 384 128
449 13 107
134 215 206
138 328 106
281 296 164
476 479 233
11 241 243
454 166 147
90 392 276
308 360 183
387 192 165
497 86 147
224 369 278
402 304 286
60 429 272
150 35 293
312 33 124
261 232 284
156 388 167
198 460 129
87 283 240
69 48 166
289 456 291
25 375 175
91 498 247
204 103 153
307 191 103
376 334 163
429 355 169
80 114 144
123 292 233
480 261 220
257 442 162
201 479 164
145 76 221
217 64 125
40 414 264
83 79 279
29 308 173
397 381 163
444 294 206
200 161 144
60 161 169
85 251 148
61 32 282
277 477 170
346 416 282
293 254 233
134 158 161
301 322 163
499 257 242
498 436 255
256 347 299
316 479 109
327 415 297
436 418 152
299 35 137
286 3 291
372 229 105
13 414 271
371 446 207
42 106 291
125 154 101
492 333 128
290 291 283
311 419 146
239 294 175
294 104 276
92 432 168
308 9 291
306 24 176
292 108 276
145 154 183
219 2 217
394 377 200
313 277 280
200 358 246
220 306 239
181 427 277
138 201 246
324 146 102
224 446 134
396 259 288
3 428 169
13 192 158
160 208 224
192 28 241
426 295 163
245 72 252
162 319 170
443 162 290
450 396 171
40 208 124
36 239 177
434 182 167
488 232 124
5 69 160
414 141 270
98 7 101
274 20 214
287 429 241
33 29 127
475 68 235
35 109 133
74 233 166
481 295 128
457 162 282
438 454 115
127 294 155
39 87 177
68 153 184
477 148 280
49 82 146
348 37 242
223 290 173
467 214 114
200 230 285
301 458 198
264 85 264
374 18 290
39 188 263
309 132 132
56 167 106
114 1 159
252 279 155
213 396 233
122 444 281
99 96 249
320 499 205
121 438 274
14 408 279
59 186 204
299 76 132
398 311 260
490 210 202
16 92 134
433 430 152
141 282 248
462 18 104
265 428 135
171 50 261
370 113 238
227 354 155
411 471 270
30 24 144
377 483 141
481 458 128
55 405 269
135 96 186
408 41 290
457 321 229
51 456 222
94 237 211
55 368 126
387 168 285
394 494 161
32 212 177
445 230 273
73 93 129
55 0 158
326 30 115
331 33 240
5 326 146
403 334 271
372 213 256
36 162 118
326 341 138
327 221 247
497 305 232
58 279 134
490 479 266
125 418 186
496 390 130
130 71 148
123 436 238
253 15 204
286 429 196
354 306 204
256 371 146
10 288 154
195 247 219
162 223 237
458 201 211
142 140 135
405 83 231
18 404 266
187 429 185
115 48 200
282 284 231
432 116 287
428 439 213
469 394 201
440 485 255
147 447 243
88 49 201
431 473 292
200 424 258
25 61 148
394 11 164
25 15 137
25 86 124
114 435 120
56 485 279
131 152 285
273 338 293
473 79 248
428 256 248
50 374 265
153 167 231
295 57 208
102 371 252
469 437 157
402 268 282
20 423 121
451 246 174
26 113 167
377 5 146
292 414 135
238 41 280
330 16 128
286 186 160
21 301 270
156 41 110
287 311 258
26 173 222
222 462 128
178 192 214
297 53 255
479 181 106
455 262 210
405 383 129
209 145 129
219 435 113
247 128 101
184 194 199
153 339 295
461 53 137
382 72 294
381 450 195
189 72 191
152 429 185
352 27 138
172 134 283
290 424 163
349 190 135
232 221 217
329 188 285
13 322 145
301 306 267
224 244 216
151 414 100
46 230 194
414 351 265
146 491 235
155 341 287
131 120 196
459 170 233
287 451 277
267 56 207
201 95 222
45 204 280
78 20 194
108 331 259
344 395 187
311 275 126
214 485 254
43 46 203
79 138 111
194 452 112
490 287 243
397 335 172
331 275 279
447 53 289
340 286 257
105 211 164
126 158 116
477 200 159
173 74 300
172 223 283
79 104 160
286 413 124
479 108 235
93 163 176
348 55 127
226 113 110
388 81 288
420 341 241
431 463 125
160 441 284
423 400 123
448 400 262
127 498 118
130 250 126
137 325 102
383 230 247
70 309 229
8 205 292
111 139 229
398 13 175
413 148 287
265 81 237
29 429 163
219 497 228
43 425 164
70 175 244
214 11 259
299 373 106
126 284 100
347 247 214
487 458 204
364 341 199
433 494 145
355 299 276
395 475 291
142 322 109
297 403 288
139 469 166
199 61 138
413 24 172
348 469 296
308 340 190
31 128 235
218 109 279
373 92 185
497 109 199
441 112 222
15 314 250
183 1 279
408 85 240
259 36 264
28 451 198
240 341 171
287 58 222
402 429 276
177 492 229
463 401 256
45 494 242
279 237 195
261 221 288
157 176 237
417 383 282
454 419 274
167 396 232
292 170 268
452 407 132
11 30 208
333 411 246
448 109 171
76 478 164
26 277 288
272 420 101
427 498 141
251 136 163
470 154 182
245 460 131
298 316 172
293 8 148
232 246 253
240 193 225
260 373 126
463 364 247
26 461 217
97 321 279
301 239 172
370 11 145
129 413 142
177 329 166
354 169 132
330 226 107
300 136 251
163 60 206
335 41 281
209 49 191
234 459 148
222 279 147
110 45 184
233 134 255
259 184 174
497 91 271
31 160 250
447 336 197
175 160 289
341 263 269
24 151 148
165 18 119
111 7 151
404 414 284
236 431 138
366 218 179
106 217 268
210 252 150
320 356 294
255 245 152
64 207 101
222 64 298
15 447 232
8 345 157
327 88 226
375 183 148
447 131 153
137 444 219
222 383 134
313 302 169
54 26 186
153 171 295
162 54 182
153 349 255
368 456 292
361 329 183
487 202 200
186 204 296
388 106 165
108 485 173
144 330 119
321 459 217
42 494 140
27 375 111
314 193 262
147 214 139
200 277 115
8 246 128
488 457 117
489 175 169
463 495 285
293 113 270
494 408 226
428 125 127
406 325 116
242 297 147
218 0 191
427 105 101
493 347 213
206 295 178
191 177 158
195 173 298
477 207 230
121 303 121
443 81 170
140 401 101
344 367 159
152 156 213
279 423 115
79 498 123
105 17 111
177 490 284
59 195 117
103 81 155
306 3 253
424 434 266
115 257 180
6 131 175
488 3 223
205 310 176
237 196 175
471 348 125
262 443 132
139 415 157
32 394 168
490 301 129
410 261 105
396 496 189
35 103 231
169 371 260
375 233 110
223 282 255
249 450 219
424 444 285
84 443 120
445 111 133
53 41 218
140 305 271
195 386 264
296 389 216
488 338 176
312 422 257
379 462 213
115 234 239
311 160 281
135 270 104
200 434 299
470 68 194
179 17 132
370 68 300
312 351 194
393 444 279
367 133 197
90 261 273
61 84 106
462 115 298
278 139 183
305 378 229
432 195 150
409 316 254
410 17 156
441 116 161
153 30 135
178 7 289
52 81 289
332 170 111
178 114 192
190 359 251
125 464 127
197 273 272
209 377 201
415 54 167
138 486 122
260 161 298
50 336 111
251 347 129
18 481 138
488 325 122
488 245 101
398 55 148
236 112 173
56 155 204
104 219 286
275 26 147
141 442 257
218 424 191
350 26 209
114 281 218
308 93 205
164 276 251
301 178 103
499 169 184
13 83 162
340 204 253
121 328 297
224 266 237
462 164 230
85 362 130
496 209 168
468 235 145
326 483 196
295 119 101
76 197 162
91 192 297
164 221 245
48 349 158
483 174 199
185 317 243
237 199 151
105 32 258
181 357 269
276 201 170
265 232 235
314 220 234
24 423 204
40 78 177
282 348 214
443 148 100
466 75 162
335 148 182
239 207 153
21 306 265
6 122 211
387 269 160
444 223 150
459 104 249
67 333 265
193 373 141
157 208 280
197 119 299
446 90 147
92 300 234
202 249 221
16 299 263
460 172 163
47 493 297
136 344 229
89 106 203
131 433 230
327 190 181
317 470 255
126 494 258
191 88 270
81 264 102
48 449 112
232 22 260
56 227 173
50 482 101
86 212 212
437 177 300
444 249 185
397 278 180
497 216 190
283 324 139
81 19 123
184 141 291
301 272 127
242 228 273
14 182 251
17 473 217
348 283 181
417 9 143
286 476 293
409 0 262
360 301 270
493 330 297
79 324 273
225 201 241
377 424 130
227 114 242
471 4 126
304 9 109
377 227 293
61 122 174
395 26 159
163 395 120
371 104 296
15 13 225
327 2 143
467 49 109
483 56 237
263 376 130
240 66 143
430 169 211
250 497 199
361 48 279
47 105 160
350 71 223
460 157 228
321 77 227
72 316 198
365 461 157
369 176 219
234 389 288
360 441 204
343 228 296
448 368 131
251 445 296
498 499 181
357 482 202
386 35 153
399 251 197
462 64 248
230 225 141
489 360 114
60 51 172
196 154 121
340 347 296
471 243 299
56 0 281
46 432 221
130 222 214
233 330 211
25 497 156
9 133 102
435 192 227
443 377 191
318 172 123
453 58 163
260 102 275
35 324 275
291 455 197
101 396 218
232 487 187
183 204 218
374 372 191
252 103 254
212 417 181
270 477 243
448 371 173
324 171 241
226 314 202
139 264 221
220 246 169
286 39 188
418 118 158
326 271 272
422 30 258
293 215 142
291 220 151
119 196 228
45 316 133
98 195 130
328 100 172
314 246 149
415 117 297
158 476 135
24 20 257
164 431 215
59 152 296
122 103 176
178 90 244
86 145 202
496 354 172
294 71 138
337 480 230
329 354 225
403 7 152
29 489 263
361 310 271
443 415 261
179 148 199
409 41 287
102 484 140
92 242 266
115 369 204
259 145 233
393 287 140
68 49 247
353 222 271
23 265 176
428 278 134
381 352 158
449 52 185
88 354 248
346 57 297
343 159 115
478 413 243
385 264 114
141 38 201
495 413 125
140 206 237
42 282 193
317 270 202
407 496 240
361 105 246
39 191 169
12 478 207
435 441 135
467 22 104
34 329 220
129 81 209
150 463 281
286 262 263
476 427 195
200 47 163
245 359 224
398 144 255
220 47 297
16 461 145
184 48 180
254 468 270
426 113 298
193 252 207
432 65 123
295 491 300
83 273 261
220 106 228
134 424 161
83 290 269
98 325 125
233 143 109
152 361 129
316 55 107
349 108 175
1 400 147
53 137 240
390 239 100
24 100 102
453 279 146
346 269 103
29 478 197
349 253 126
317 89 107
323 134 253
319 69 264
196 209 219
170 473 282
228 42 135
307 185 201
440 304 189
429 194 239
316 109 273
69 468 167
162 282 245
44 222 118
399 312 150
15 112 103
463 428 136
369 464 232
162 121 144
448 456 262
94 239 247
105 177 164
424 245 100
194 26 278
375 435 207
292 162 263
495 92 172
141 351 168
76 170 270
284 479 173
333 176 175
205 44 158
174 163 147
397 392 250
115 1 177
457 308 250
292 1 299
90 313 143
466 176 104
286 417 262
303 318 242
313 441 197
223 34 271
269 418 173
76 467 159
498 231 186
245 29 208
34 191 187
312 248 116
90 147 164
345 52 162
173 249 154
274 451 150
273 272 269
435 448 112
26 179 113
469 453 114
294 107 145
267 295 242
47 187 206
383 115 134
53 247 240
193 297 195
54 493 199
392 231 121
34 453 252
161 157 277
96 407 235
115 121 162
315 393 141
242 180 197
454 164 272
112 477 186
97 416 247
34 243 208
4 23 231
400 165 244
471 351 187
372 336 163
478 405 137
421 463 223
473 445 266
301 37 261
255 239 260
245 302 190
85 220 190
41 432 152
107 335 112
353 69 100
199 168 193
143 461 126
6 256 112
206 357 197
455 93 146
25 40 183
249 151 245
423 426 133
311 370 105
351 280 226
221 98 164
123 366 132
365 129 267
485 16 279
203 99 107
197 229 268
149 182 297
195 18 165
170 297 208
185 251 282
349 336 264
356 205 200
392 417 126
489 260 297
157 117 222
133 22 202
178 70 223
245 486 175
185 399 149
148 208 243
415 377 254
219 489 117
128 191 166
234 315 266
485 263 278
407 380 166
70 379 296
61 145 114
147 495 257
70 6 104
349 465 209
24 48 290
234 140 182
329 316 224
388 79 136
51 209 234
354 490 129
146 227 193
5 368 229
335 421 143
473 62 191
38 42 153
334 278 152
85 395 158
153 427 258
133 162 183
373 440 276
300 419 107
323 434 174
155 412 231
0 229 224
256 159 218
430 87 171
390 395 116
294 157 166
222 216 162
43 491 110
303 219 130
229 116 192
121 276 294
216 212 117
206 421 213
346 298 251
409 213 245
218 263 175
384 97 192
162 171 115
336 429 273
237 251 255
157 16 238
235 138 147
402 151 138
205 284 201
439 304 124
195 228 206
19 41 188
44 379 280
41 95 162
158 484 276
460 246 236
276 43 225
465 332 277
32 448 224
45 382 231
324 465 134
71 161 274
168 118 282
281 404 139
423 109 235
276 172 282
357 399 113
11 106 103
193 355 219
385 162 193
265 295 279
0
