d
100
1000
61 11 259
28 15 253
72 53 199
48 76 214
2 49 121
5 17 300
45 6 118
54 18 174
61 54 153
25 64 268
98 97 298
44 91 210
79 58 131
41 39 161
93 12 244
97 5 286
58 28 244
21 32 125
72 86 264
15 20 113
34 7 171
76 16 214
68 92 142
37 27 179
50 72 201
70 73 180
53 97 222
3 19 225
15 29 243
34 68 127
71 89 215
69 7 297
51 73 272
28 84 232
62 45 120
36 16 271
14 1 144
21 84 115
57 74 167
56 37 168
85 46 135
87 81 120
50 13 219
34 86 171
32 27 130
18 40 233
48 21 196
12 92 262
62 39 102
65 83 248
66 55 194
39 8 198
87 88 104
93 63 127
7 19 166
75 77 245
32 57 134
42 20 290
21 97 283
60 75 174
13 64 214
70 83 217
2 97 251
53 80 156
17 94 265
5 7 284
70 60 265
95 5 141
14 54 148
22 23 290
77 70 260
48 2 222
8 23 249
30 44 266
71 56 248
84 69 225
81 13 169
29 46 253
12 22 207
77 43 291
7 65 130
83 61 296
1 97 253
51 97 138
56 70 295
29 90 246
89 22 240
14 97 117
35 93 180
95 69 175
22 33 145
44 51 242
39 76 162
81 8 219
27 59 259
72 31 253
31 42 225
0 21 208
50 66 108
50 46 139
80 11 243
85 33 260
75 44 112
60 93 253
16 92 239
39 20 254
46 35 180
4 3 294
94 39 126
73 72 216
1 21 241
86 12 290
50 70 124
66 9 116
41 33 295
40 64 210
54 87 289
95 22 149
63 74 202
45 38 290
60 84 260
32 88 181
96 59 254
99 81 136
25 71 252
4 70 242
69 34 184
55 81 179
46 3 235
76 13 200
4 62 287
62 20 290
64 54 241
48 15 170
0 43 236
17 95 175
62 52 159
2 62 274
34 76 273
95 2 278
63 72 243
67 58 191
11 54 255
85 86 113
63 13 209
13 19 179
51 47 253
63 73 136
83 49 295
98 82 258
49 24 108
14 80 213
47 62 172
63 66 132
81 0 213
58 50 207
45 46 291
92 61 219
14 21 269
17 39 196
75 69 120
24 78 217
56 95 143
4 2 110
10 12 111
90 30 274
0 16 181
54 90 256
23 56 116
67 66 147
80 97 178
40 76 112
27 88 198
36 84 229
79 46 220
35 8 211
68 52 129
87 31 157
46 55 300
57 41 125
12 2 197
28 13 290
82 92 212
92 99 226
55 52 195
25 59 187
60 79 219
20 85 154
49 71 244
46 74 153
85 69 109
58 6 160
54 29 162
32 92 178
16 17 234
29 26 158
48 53 126
89 4 120
97 11 212
67 34 248
98 25 220
97 39 220
66 4 267
86 89 191
62 95 139
78 84 253
48 10 167
71 10 161
6 21 299
94 33 244
53 65 130
51 6 104
69 4 166
16 25 167
17 56 176
73 5 258
62 98 237
46 66 149
90 41 234
79 30 143
80 66 125
83 31 121
47 88 125
41 48 245
99 96 143
77 13 268
41 80 280
51 91 160
12 53 251
36 0 114
2 88 232
59 68 216
14 74 202
90 23 152
75 43 245
20 64 166
75 24 196
35 34 140
67 35 218
28 78 252
5 70 184
15 24 232
18 94 165
93 24 117
86 36 291
9 48 194
16 1 107
28 24 297
21 68 262
43 65 103
61 66 147
53 93 130
86 55 241
85 57 106
77 44 251
6 14 157
99 27 101
37 33 113
86 57 233
74 73 100
42 72 109
76 80 184
25 9 112
54 88 103
98 24 170
60 63 123
72 69 109
43 87 238
48 18 147
68 21 271
90 24 280
88 79 109
74 56 162
27 89 222
50 26 156
3 8 117
43 84 137
37 40 221
47 93 126
88 63 184
48 66 251
43 62 246
48 14 104
88 55 118
55 92 208
75 6 224
0 13 245
45 43 286
88 97 126
62 23 262
63 10 259
14 87 161
76 66 159
58 2 162
49 6 116
5 21 244
90 17 265
58 23 208
71 70 284
67 49 114
4 94 227
2 18 196
4 56 264
90 89 157
60 49 226
16 99 204
52 23 266
47 14 263
0 27 177
17 55 155
8 17 271
3 57 278
15 45 141
29 75 212
97 35 153
36 58 179
93 85 168
11 39 286
13 55 224
10 89 260
36 87 119
1 2 275
30 55 165
41 57 237
29 64 251
36 54 111
49 28 248
49 17 268
23 95 207
33 35 178
0 12 150
70 7 109
3 41 273
32 51 282
89 84 156
3 26 269
83 13 185
66 40 234
77 42 262
4 66 148
59 47 165
53 14 155
98 94 116
19 55 174
24 79 206
15 53 148
4 81 218
24 34 236
79 3 154
16 79 215
67 90 213
59 98 291
27 7 183
87 1 100
83 72 132
76 29 234
7 28 181
68 10 291
31 19 177
47 96 248
50 98 180
92 2 160
30 45 142
31 96 240
28 6 255
52 22 147
52 48 107
88 33 139
45 17 209
82 33 288
63 0 260
15 58 246
30 11 287
55 27 300
2 60 153
3 91 146
86 50 289
32 2 193
72 61 218
19 7 137
40 58 185
18 83 147
84 45 112
81 19 128
75 40 197
43 12 113
13 76 188
18 95 117
2 95 159
90 22 122
90 32 108
2 27 151
62 7 250
74 5 250
70 17 167
3 10 220
79 25 191
78 41 181
40 94 176
19 12 238
40 6 251
20 32 275
38 20 206
53 54 118
57 93 215
61 83 241
98 44 202
89 32 230
46 23 194
27 13 252
77 81 213
83 74 216
22 58 284
60 86 130
91 52 187
29 99 134
76 55 133
45 20 293
36 30 177
35 61 211
31 26 180
59 8 145
47 20 197
96 75 286
39 63 156
43 67 146
72 90 265
26 65 235
99 68 217
81 38 237
72 17 172
1 47 114
15 13 165
94 74 106
53 52 114
66 18 175
4 61 210
53 92 251
9 70 282
63 3 212
45 95 143
52 86 138
38 87 235
69 85 161
81 47 277
56 61 190
36 33 291
17 28 148
69 68 214
81 2 279
68 33 233
76 63 140
79 51 116
86 71 171
41 34 202
19 37 271
3 66 108
81 90 230
40 4 144
72 26 250
34 77 102
59 11 208
2 15 205
67 9 216
43 49 175
4 16 250
81 65 154
84 77 296
84 14 268
58 93 197
14 37 273
29 60 134
9 62 291
30 84 145
21 10 273
47 78 100
21 41 200
31 75 285
91 3 101
50 23 252
85 8 144
6 16 206
69 25 147
54 97 145
49 30 235
65 84 241
74 91 256
39 78 230
62 71 240
76 33 163
94 83 207
47 37 153
14 88 163
56 84 168
53 87 248
64 95 222
25 18 252
37 87 210
46 84 114
35 14 171
3 77 236
58 10 126
3 45 288
54 22 172
78 11 137
60 91 145
64 42 126
98 93 155
20 61 250
30 20 235
3 67 194
28 34 214
47 36 157
36 6 203
21 72 109
8 29 266
20 47 203
94 16 219
6 64 113
6 1 123
69 66 289
67 84 149
84 3 300
18 58 286
35 72 177
10 99 175
27 20 221
94 0 295
77 98 182
47 5 167
69 31 228
3 56 154
93 3 111
97 27 107
77 17 163
76 86 120
36 72 151
89 98 176
73 64 194
14 38 298
52 46 235
15 0 288
45 63 220
0 83 111
35 18 222
90 6 149
71 25 268
71 95 251
90 11 287
66 46 237
2 64 207
70 77 140
48 87 124
45 90 281
65 58 102
15 72 125
25 54 300
0 20 188
63 91 228
44 50 230
76 83 285
50 76 115
12 73 198
78 57 182
15 30 263
54 98 189
51 98 128
14 8 228
4 26 164
16 39 110
99 73 250
26 42 252
96 46 116
40 69 144
66 43 223
39 46 159
41 92 153
20 27 121
71 68 116
20 46 255
16 51 102
33 72 175
42 21 149
87 16 286
34 23 176
71 31 231
20 69 143
68 85 247
94 64 129
53 82 211
64 59 255
8 51 190
91 48 161
83 20 105
26 23 103
52 97 150
5 8 261
81 59 175
1 79 140
97 54 138
77 1 239
3 39 238
6 52 116
79 77 253
37 61 245
20 5 272
74 40 174
78 67 144
45 74 298
21 34 236
49 34 156
51 89 239
1 76 200
35 73 106
40 41 107
99 3 261
63 86 231
10 79 222
1 99 266
50 60 134
48 90 160
67 53 277
38 85 141
50 83 102
43 7 174
94 24 121
32 43 206
69 89 201
9 77 141
6 2 279
41 13 297
59 76 162
19 81 205
93 2 285
93 18 211
18 10 275
79 71 138
12 64 214
71 17 294
0 63 146
3 65 175
24 87 236
85 23 104
89 83 251
62 42 259
14 26 240
56 22 178
93 4 119
12 56 202
6 56 140
94 80 209
98 0 102
97 57 298
62 60 260
65 30 170
47 56 161
63 37 181
20 42 298
22 94 278
79 87 183
61 25 125
34 97 238
35 57 185
61 96 211
61 68 290
24 11 176
72 45 220
43 50 293
25 87 193
62 47 168
89 92 219
77 32 196
78 22 139
14 98 210
24 50 222
66 14 100
44 83 291
6 35 162
53 91 223
77 10 282
97 2 164
59 94 194
99 19 294
1 25 284
88 78 112
50 79 202
57 59 207
85 3 141
26 16 107
37 58 240
95 64 280
32 56 202
20 82 107
54 76 228
23 6 299
89 64 190
3 21 170
72 98 110
59 24 145
39 64 229
61 38 227
16 97 131
23 25 116
89 54 211
3 2 290
53 43 151
41 27 298
53 40 202
17 54 193
77 28 180
78 96 216
53 8 162
23 69 188
31 12 123
16 61 197
55 85 226
82 43 192
61 6 214
56 89 217
10 90 123
99 61 193
32 30 145
67 98 269
39 66 277
10 88 127
82 22 267
59 28 130
34 60 121
82 38 139
66 81 290
59 79 155
32 67 293
3 62 235
19 25 245
74 76 198
42 86 257
37 45 101
36 18 121
57 52 197
45 2 203
83 78 233
74 1 257
64 72 219
64 67 256
46 13 118
7 52 286
38 30 174
53 68 168
18 28 183
37 0 248
46 12 148
27 8 255
15 51 186
73 25 107
89 60 292
83 63 217
5 31 146
59 5 203
66 49 135
7 17 169
69 67 264
7 10 233
82 27 255
58 96 198
93 75 250
97 60 176
49 11 257
18 2 158
23 64 255
21 47 122
30 7 281
96 40 230
96 42 120
86 74 148
5 92 148
46 8 184
33 39 239
40 26 203
53 0 240
97 94 279
22 3 112
67 99 221
31 2 200
91 76 136
36 83 139
21 51 218
78 6 121
1 39 261
12 31 299
69 54 223
59 20 122
22 27 271
30 0 201
61 49 103
40 22 228
27 98 105
18 34 165
31 84 136
68 23 128
92 10 225
39 48 293
99 67 139
28 51 259
4 69 179
21 56 163
35 64 133
92 55 141
80 54 174
59 23 167
0 58 157
68 34 222
4 42 170
78 28 273
25 86 221
52 79 298
26 58 203
74 79 298
81 26 235
77 3 207
12 24 202
56 19 286
23 15 173
19 47 149
89 12 206
49 21 210
85 96 211
94 13 121
0 40 250
67 4 215
40 51 230
11 93 179
9 5 132
50 63 244
68 93 130
97 96 280
4 67 253
94 10 266
82 40 295
28 11 247
74 18 285
8 79 197
75 84 195
96 78 126
37 59 182
32 44 267
12 58 205
69 1 217
94 21 278
84 41 107
67 28 278
59 12 199
31 92 205
64 35 181
68 79 114
20 55 126
92 91 299
3 46 149
15 93 254
57 97 104
85 93 240
40 80 237
13 50 166
42 2 282
65 62 287
89 37 148
37 50 238
52 88 233
84 50 119
7 4 231
5 64 231
68 4 293
88 38 240
50 6 137
83 54 247
8 74 235
71 19 257
15 14 163
58 81 216
84 98 169
79 26 114
18 24 167
25 72 198
50 15 219
96 25 225
70 8 112
77 47 103
61 30 133
11 66 175
48 13 195
72 36 189
78 10 145
37 44 186
86 42 232
4 1 166
35 22 104
22 82 186
39 82 235
89 63 243
2 12 299
61 93 164
68 7 158
95 37 129
69 88 150
43 47 168
70 35 297
49 93 215
74 80 156
59 88 267
85 13 280
22 78 222
89 53 250
32 46 257
92 95 204
42 12 264
17 79 202
10 94 211
26 39 286
46 37 216
31 94 279
60 33 127
35 54 270
61 71 126
56 42 197
84 75 147
72 16 177
47 51 282
23 72 173
49 43 288
86 91 131
46 43 262
34 55 237
42 16 233
95 14 162
27 55 115
35 15 234
94 55 163
78 75 217
80 68 116
4 14 133
55 35 168
92 81 175
62 24 127
86 75 283
59 48 108
74 32 177
20 54 134
91 73 219
6 77 113
39 18 200
75 95 157
91 13 269
95 4 253
89 19 285
1 94 231
97 83 256
96 88 102
8 75 278
47 82 143
16 30 106
22 52 151
67 70 222
55 41 300
45 66 237
50 35 169
86 99 192
48 88 280
45 29 144
84 78 232
82 76 254
14 30 128
64 93 263
22 30 263
83 39 153
34 48 297
90 7 247
47 50 218
77 21 292
97 56 197
9 16 126
46 34 272
82 97 113
98 92 243
2 42 134
14 94 288
67 41 212
12 48 192
21 25 202
1 38 181
98 40 197
20 87 169
10 57 257
2 80 120
16 91 231
12 71 148
82 48 148
28 9 130
72 73 214
23 82 111
30 35 164
53 9 292
0